
accLSTM = [[[0.7991266375545851, 0.1586608442503639, 0.042212518195050945], [0.036036036036036036, 0.9369369369369369, 0.02702702702702703], [0.1259600614439324, 0.11674347158218126, 0.7572964669738863]],
           [[0.7328966521106259, 0.1331877729257642, 0.1339155749636099], [0.10325710325710326, 0.8302148302148302, 0.06652806652806653], [0.2196620583717358, 0.1382488479262673, 0.642089093701997]],
           [[0.7394468704512372, 0.17467248908296942, 0.0858806404657933], [0.12681912681912683, 0.8253638253638254, 0.04781704781704782], [0.261136712749616, 0.19508448540706605, 0.543778801843318]],
           [[0.9221251819505094, 0.029839883551673944, 0.048034934497816595], [0.3762993762993763, 0.5668745668745668, 0.05682605682605683], [0.5483870967741935, 0.047619047619047616, 0.4039938556067588]]]

accNgram = [[[0.9, 0.06, 0.04], [0.4, 0.57, 0.02], [0.11, 0.07, 0.82]],
            [[0.33, 0.32, 0.33], [0.32, 0.33, 0.33], [0.33, 0.33, 0.33]],
            [[0.33, 0.33, 0.33], [0.33, 0.33, 0.33], [0.32, 0.33, 0.33]],
            [[0.33, 0.33, 0.33], [0.33, 0.33, 0.33], [0.33, 0.33, 0.33]]]

accRNN = [[[0.5109170305676856, 0.36317321688500726, 0.12590975254730713], [0.04504504504504504, 0.9216909216909217, 0.033264033264033266], [0.1674347158218126, 0.27342549923195086, 0.5591397849462365]],
         [[0.25109170305676853, 0.5858806404657934, 0.16302765647743814], [0.11157311157311157, 0.8073458073458073, 0.08108108108108109], [0.250384024577573, 0.5960061443932412, 0.15360983102918588]],
         [[0.259825327510917, 0.5436681222707423, 0.1965065502183406], [0.18225918225918225, 0.6146916146916147, 0.20304920304920304], [0.25499231950844853, 0.565284178187404, 0.17972350230414746]],
         [[0.1572052401746725, 0.3158660844250364, 0.5269286754002911], [0.08454608454608455, 0.3305613305613306, 0.5848925848925849], [0.141321044546851, 0.35023041474654376, 0.5084485407066052]]]

accWord = [[[0.77, 0.15, 0.08], [0.05, 0.92, 0.03], [0.11, 0.14, 0.74]],
           [[0.74, 0.11, 0.14], [0.06, 0.88, 0.06], [0.14, 0.12, 0.74]],
           [[0.83, 0.07, 0.1], [0.09, 0.87, 0.04], [0.18, 0.11, 0.71]],
           [[0.8748180494905385, 0.08224163027656478, 0.04294032023289665], [0.056133056133056136, 0.9203049203049203, 0.02356202356202356], [0.13671274961597543, 0.0890937019969278, 0.7741935483870968]]]

names = ["CNLM", "N-Grams", "RNN CNLM", "Word LSTM"]
accs = [accLSTM, accNgram, accRNN, accWord]


import matplotlib
matplotlib.use('agg')
import matplotlib.pyplot as plt

import numpy as np

matplotlib.rc('xtick', labelsize=30) 
matplotlib.rc('ytick', labelsize=30) 


for gender, genderName in zip(range(3), ["m", "f", "n"]):
  for name, acc in zip(names, accs):
   plt.plot(range(0, 4), [x[gender][gender] for x in acc], label=name, linewidth=4.0)
  plt.xticks(range(0,4))
  plt.legend()

  plt.show()
  plt.savefig("german-gender-vocab-"+genderName+".pdf", bbox_inches='tight')
  plt.close()

for name, acc in zip(names, accs):
 plt.plot(range(0, 4), [sum([x[gender][gender] for gender in range(3)])/3 for x in acc], label=name, linewidth=4.0)
plt.xticks(range(0,4))
plt.legend()

plt.show()
plt.savefig("german-gender-vocab-total.pdf", bbox_inches='tight')
plt.close()
  
